3
3
3
4
5
5
6
7
8
9
9
10
10
11
11
12
13
13
13
14
15
16
16
17
18
20
20
20
22
23
23
23
23
24
24
24
24
25
25
25
25
26
27
27
28
29
30
31
31
31
31
32
34
35
36
36
38
38
39
40
40
40
40
41
41
41
43
46
47
47
48
48
49
49
50
50
50
50
50
51
51
51
53
54
54
57
57
58
58
63
64
66
66
67
68
68
69
71
71
73
75
80
82
82
82
84
84
85
89
89
90
92
93
93
94
95
96
102
105
106
111
112
113
114
115
115
120
121
124
127
128
130
130
131
134
134
137
140
145
146
154
155
157
157
159
164
166
167
170
171
174
174
176
178
179
181
183
188
189
190
191
194
198
201
204
210
215
217
219
225
228
231
233
234
235
237
239
252
252
266
276
276
286
293
297
302
304
304
307
318
321
323
324
338
339
342
345
350
362
363
363
365
380
387
404
408
417
437
453
467
475
503
503
513
528
534
550
562
620
626
636
642
655
668
681
709
711
773
786
796
799
806
807
811
821
862
866
887
923
936
1000
1020
1040
1049
1066
1089
1192
1316
1322
1390
1485
1492
1504
1548
1606
1676
1697
1704
1709
1739
1810
2273
2423
2510
2877
2977
3314
3355
3654
3883
4156
4827
5346
6515
8161
9224
9364
9556
9561
9696
10206
13727
15229
17886
19384
19488
26936
55039
57567
99896
