5.81889e-06
5.81889e-06
5.81889e-06
7.75852e-06
9.69815e-06
9.69815e-06
1.16378e-05
1.35774e-05
1.5517e-05
1.74567e-05
1.74567e-05
1.93963e-05
1.93963e-05
2.13359e-05
2.13359e-05
2.32756e-05
2.52152e-05
2.52152e-05
2.52152e-05
2.71548e-05
2.90945e-05
3.10341e-05
3.10341e-05
3.29737e-05
3.49134e-05
3.87926e-05
3.87926e-05
3.87926e-05
4.26719e-05
4.46115e-05
4.46115e-05
4.46115e-05
4.46115e-05
4.65511e-05
4.65511e-05
4.65511e-05
4.65511e-05
4.84908e-05
4.84908e-05
4.84908e-05
4.84908e-05
5.04304e-05
5.237e-05
5.237e-05
5.43097e-05
5.62493e-05
5.81889e-05
6.01286e-05
6.01286e-05
6.01286e-05
6.01286e-05
6.20682e-05
6.59475e-05
6.78871e-05
6.98267e-05
6.98267e-05
7.3706e-05
7.3706e-05
7.56456e-05
7.75852e-05
7.75852e-05
7.75852e-05
7.75852e-05
7.95249e-05
7.95249e-05
7.95249e-05
8.34041e-05
8.9223e-05
9.11627e-05
9.11627e-05
9.31023e-05
9.31023e-05
9.50419e-05
9.50419e-05
9.69815e-05
9.69815e-05
9.69815e-05
9.69815e-05
9.69815e-05
9.89212e-05
9.89212e-05
9.89212e-05
0.0001028
0.00010474
0.00010474
0.000110559
0.000110559
0.000112499
0.000112499
0.000122197
0.000124136
0.000128016
0.000128016
0.000129955
0.000131895
0.000131895
0.000133835
0.000137714
0.000137714
0.000141593
0.000145472
0.00015517
0.00015905
0.00015905
0.00015905
0.000162929
0.000162929
0.000164869
0.000172627
0.000172627
0.000174567
0.000178446
0.000180386
0.000180386
0.000182325
0.000184265
0.000186205
0.000197842
0.000203661
0.000205601
0.000215299
0.000217239
0.000219178
0.000221118
0.000223058
0.000223058
0.000232756
0.000234695
0.000240514
0.000246333
0.000248273
0.000252152
0.000252152
0.000254092
0.000259911
0.000259911
0.000265729
0.000271548
0.000281246
0.000283186
0.000298703
0.000300643
0.000304522
0.000304522
0.000308401
0.000318099
0.000321979
0.000323918
0.000329737
0.000331677
0.000337496
0.000337496
0.000341375
0.000345254
0.000347194
0.000351073
0.000354952
0.000364651
0.00036659
0.00036853
0.00037047
0.000376288
0.000384047
0.000389866
0.000395685
0.000407322
0.000417021
0.0004209
0.000424779
0.000436417
0.000442236
0.000448055
0.000451934
0.000453874
0.000455813
0.000459693
0.000463572
0.000488787
0.000488787
0.000515942
0.000535338
0.000535338
0.000554734
0.000568312
0.00057607
0.000585769
0.000589648
0.000589648
0.000595467
0.000616803
0.000622622
0.000626501
0.00062844
0.000655595
0.000657535
0.000663354
0.000669173
0.000678871
0.000702146
0.000704086
0.000704086
0.000707965
0.00073706
0.000750637
0.000783611
0.000791369
0.000808826
0.000847619
0.000878653
0.000905808
0.000921325
0.000975634
0.000975634
0.000995031
0.00102413
0.00103576
0.0010668
0.00109007
0.00120257
0.00121421
0.00123361
0.00124524
0.00127046
0.00129567
0.00132089
0.0013752
0.00137908
0.00149933
0.00152455
0.00154395
0.00154977
0.00156334
0.00156528
0.00157304
0.00159244
0.00167196
0.00167972
0.00172045
0.00179028
0.00181549
0.00193963
0.00197842
0.00201722
0.00203467
0.00206765
0.00211226
0.00231204
0.00255255
0.00256419
0.00269609
0.00288035
0.00289393
0.0029172
0.00300255
0.00311505
0.00325082
0.00329155
0.00330513
0.00331483
0.00337302
0.00351073
0.00440878
0.00469973
0.00486847
0.00558032
0.00577428
0.00642794
0.00650746
0.00708741
0.00753159
0.00806111
0.0093626
0.0103693
0.0126367
0.0158293
0.0178912
0.0181627
0.0185351
0.0185448
0.0188067
0.0197959
0.0266253
0.0295386
0.0346922
0.0375978
0.0377995
0.0522459
0.106755
0.111659
0.193761
